 -0.589070
 0.762222
 3.041070
 3.209756
 3.102614
 -0.612431
 0.833411
 3.068348
 3.073679
 -0.428938
 3.178822
 1.683059
 1.698856
 3.163424
 0.904157
 1.649168
 3.052743
 3.063755
 3.159458
 1.723353
 3.091869
 -0.596077
 1.772617
 3.050444
 -0.094850
 -0.502166
 -1.200829
 -0.450453
 3.015336
 -0.522503
 1.701492
 -0.588777
 -0.511654
 3.168868
 3.045951
 -0.624082
 3.181410
 3.127989
 -0.570776
 -1.322931
 -0.515991
 3.033018
 3.149412
 0.785516
 -0.458616
 3.102196
 -0.515356
 1.577752
 3.150908
 3.069075
 3.168759
 3.027735
 -0.542045
 3.167681
 -0.576880
 3.181149
 -0.549528
 3.210241
 -0.484346
 3.090780
 -0.527304
 -0.556549
 3.126975
 3.026030
 -0.602723
 1.716535
 -0.613095
 3.203659
 -0.569186
 -0.558898
 3.028663
 0.916141
 -0.540923
 -0.476984
 1.772606
 -0.574566
 -0.589831
 3.123571
 3.069507
 0.922379
 3.177603
 -0.616793
 -0.441274
 3.060531
 -0.464155
 1.605486
 3.026637
 0.787634
 1.600684
 1.725915
 -0.125128
 3.139701
 -3.194398
 -3.191112
 -3.079397
 -1.305040
 -3.048271
 -3.067519
 -0.073078
