51 50 1 
0.020232	0.021092	0.022004	0.024918	0.025976	0.026173	0.027287	0.027967	0.030315	0.030969	0.031468	0.031923	0.032499	0.032568	0.032876	0.032958	0.033649	0.033649	0.033788	0.037821	0.038306	0.038306	0.039915	0.040085	0.041751	0.041751	0.041751	0.041751	0.041965	0.045469	0.048049	0.049291	0.055385	0.059645	0.060308	0.065682	0.077615	0.079465	0.083677	0.108309	0.110859	0.156090	0.233538	0.272615	0.374635	0.411538	0.503462	0.603846	0.750615	1.000000	1.000000	
0
0.027071	0.027071	0.027071	0.027071	0.027562	0.027991	0.029090	0.029750	0.030094	0.030130	0.031432	0.031759	0.034021	0.034021	0.037047	0.037432	0.037432	0.037432	0.037432	0.038009	0.038473	0.038904	0.040262	0.041005	0.041005	0.041462	0.047953	0.048171	0.052241	0.054154	0.054791	0.058335	0.058841	0.063667	0.068180	0.078400	0.080955	0.085744	0.091077	0.099359	0.099829	0.118430	0.134434	0.199481	0.227051	0.236752	0.255556	0.387513	0.445487	1.000000	1.000000	
0
0.017553	0.017654	0.017660	0.017664	0.017668	0.017681	0.017688	0.017688	0.017755	0.017757	0.017815	0.017848	0.017961	0.021425	0.021714	0.023550	0.023800	0.032885	0.032885	0.035551	0.041613	0.105929	0.105929	0.118595	0.118595	0.120426	0.120770	0.120770	0.121421	0.123704	0.123704	0.179445	0.198038	0.198038	0.282911	0.283094	0.336233	0.336477	0.340343	0.341125	0.344061	0.344249	0.344249	0.344284	0.344284	0.344284	0.344284	0.344655	0.362001	0.379653	1.000000	
0
0.048753	0.055091	0.056267	0.056273	0.059044	0.062745	0.062745	0.062773	0.072175	0.072621	0.072942	0.072942	0.072942	0.072942	0.074371	0.083125	0.083638	0.084941	0.085198	0.087717	0.090713	0.100574	0.100582	0.101649	0.102610	0.103511	0.108541	0.108541	0.108907	0.118690	0.121620	0.128665	0.129209	0.141896	0.149737	0.159728	0.160909	0.170139	0.183716	0.219596	0.262051	0.267213	0.372820	0.611667	0.611736	0.615263	0.673473	0.766465	0.908275	0.908275	1.000000	
0
0.019680	0.019787	0.020299	0.020922	0.023206	0.024143	0.024367	0.024635	0.024699	0.025561	0.025841	0.026236	0.028422	0.029055	0.029440	0.029440	0.029504	0.029975	0.030789	0.031273	0.031902	0.031902	0.032573	0.032573	0.032573	0.032573	0.037687	0.037880	0.039622	0.043859	0.046762	0.046981	0.048615	0.056023	0.056615	0.062665	0.063039	0.066469	0.078979	0.095662	0.106413	0.136615	0.147436	0.220564	0.231624	0.259188	0.304897	0.433282	0.588897	0.943795	1.000000	
0
0.031506	0.034166	0.035438	0.036604	0.037824	0.038686	0.039026	0.043879	0.045697	0.045844	0.046239	0.046239	0.046239	0.046239	0.050227	0.052503	0.052544	0.053812	0.059437	0.059658	0.059806	0.060206	0.060594	0.062463	0.063029	0.063029	0.064097	0.069208	0.071666	0.071679	0.080269	0.080680	0.085331	0.085497	0.092838	0.094170	0.096637	0.112398	0.113370	0.117618	0.147288	0.156728	0.197431	0.418725	0.423012	0.559685	0.582203	0.694231	0.770298	0.989865	1.000000	
0
0.023979	0.024065	0.025721	0.025852	0.026401	0.026742	0.027070	0.027938	0.029599	0.029654	0.030000	0.030352	0.032846	0.032846	0.034401	0.035211	0.035715	0.036163	0.036454	0.036454	0.036454	0.036454	0.037622	0.037635	0.038374	0.038374	0.045261	0.045397	0.047405	0.050769	0.052655	0.056204	0.056287	0.066216	0.067087	0.067154	0.068269	0.074451	0.077172	0.094497	0.112449	0.127435	0.200308	0.246310	0.264555	0.268990	0.487442	0.521514	0.521769	0.544615	1.000000	
0
0.026748	0.026774	0.026794	0.026795	0.026797	0.026803	0.026803	0.026838	0.026838	0.026862	0.026869	0.026881	0.029914	0.029914	0.031524	0.031641	0.032637	0.032637	0.032637	0.032779	0.037076	0.037076	0.042644	0.042644	0.053692	0.056005	0.074260	0.074260	0.116598	0.116662	0.118435	0.120204	0.122594	0.124389	0.124389	0.124403	0.124403	0.124403	0.124403	0.124463	0.150798	0.177945	0.188613	0.188794	0.226188	0.227390	0.283321	0.283816	0.354900	0.355240	1.000000	
0
0.020043	0.020207	0.020352	0.020557	0.022409	0.022672	0.024187	0.025620	0.025725	0.025830	0.026061	0.026206	0.027053	0.027179	0.027182	0.027182	0.029752	0.031378	0.031378	0.032156	0.032257	0.033572	0.033572	0.033572	0.033572	0.033715	0.034250	0.036518	0.038721	0.040395	0.041081	0.041353	0.041748	0.050169	0.050610	0.062782	0.064874	0.066758	0.082482	0.091382	0.098790	0.119959	0.160094	0.187524	0.228182	0.252064	0.416446	0.423012	0.556144	0.694948	1.000000	
0
0.028455	0.028455	0.029324	0.030440	0.030924	0.032340	0.034050	0.035073	0.036348	0.037449	0.037941	0.037950	0.039009	0.039573	0.039875	0.041594	0.041594	0.046023	0.046295	0.048085	0.048521	0.048729	0.052363	0.053445	0.053445	0.055222	0.057710	0.057710	0.057710	0.057710	0.058810	0.059351	0.072396	0.075348	0.079111	0.098338	0.101391	0.101808	0.107834	0.119377	0.136458	0.139038	0.190401	0.262591	0.313913	0.495366	0.506542	0.637584	0.669731	0.683126	1.000000	
0
0.015938	0.015938	0.017483	0.018086	0.018248	0.018476	0.018992	0.019426	0.020811	0.021029	0.021439	0.021933	0.022200	0.022276	0.022661	0.023357	0.024104	0.024104	0.028365	0.028584	0.028706	0.029327	0.029619	0.029781	0.030506	0.033109	0.033600	0.033600	0.035338	0.035413	0.036330	0.036330	0.036330	0.036330	0.043921	0.048011	0.052154	0.060190	0.061924	0.069852	0.080553	0.083902	0.104808	0.106615	0.189750	0.375000	0.398192	0.558303	0.675231	1.000000	1.000000	
0
0.018800	0.020084	0.020318	0.020318	0.020318	0.020318	0.021348	0.021988	0.022457	0.023163	0.023663	0.023958	0.025164	0.027620	0.028106	0.028443	0.028496	0.028763	0.029333	0.029333	0.029480	0.029976	0.029976	0.031694	0.031694	0.031694	0.031694	0.034029	0.034160	0.037859	0.038835	0.039954	0.040541	0.045673	0.047371	0.054451	0.062183	0.062670	0.068769	0.070725	0.083538	0.091059	0.093262	0.110577	0.200697	0.289904	0.291923	0.398192	0.556096	0.592615	1.000000	
0
0.020684	0.020684	0.021924	0.023350	0.024460	0.024671	0.024671	0.025034	0.025302	0.025495	0.026221	0.028674	0.029396	0.029499	0.029915	0.030337	0.030940	0.030940	0.031195	0.032041	0.032041	0.032299	0.033920	0.033920	0.033920	0.033920	0.037686	0.037820	0.040809	0.043119	0.045985	0.046596	0.054766	0.062216	0.063824	0.065287	0.067924	0.069626	0.074725	0.077011	0.078686	0.096950	0.106296	0.145962	0.199863	0.277198	0.302077	0.398266	0.405099	0.772846	1.000000	
0
0.024436	0.024443	0.024587	0.024620	0.024620	0.024788	0.026716	0.028843	0.030347	0.030981	0.032543	0.033157	0.035256	0.035993	0.036500	0.037053	0.037480	0.038580	0.039337	0.039337	0.043114	0.043501	0.044700	0.046655	0.046845	0.048288	0.049186	0.049765	0.049765	0.052903	0.054010	0.054010	0.054010	0.054010	0.056271	0.056979	0.070710	0.075877	0.090436	0.095822	0.098009	0.101777	0.128475	0.131929	0.354542	0.430272	0.480892	0.505202	0.783647	0.892857	1.000000	
0
0.016622	0.016715	0.016905	0.017608	0.017682	0.017878	0.018667	0.019165	0.020482	0.021006	0.021109	0.021296	0.021624	0.022377	0.022969	0.022969	0.026959	0.027095	0.027804	0.029438	0.029560	0.030528	0.030538	0.032508	0.032699	0.033409	0.033409	0.035958	0.035958	0.035958	0.035958	0.041524	0.043073	0.053205	0.056776	0.060150	0.067362	0.073478	0.075692	0.081210	0.262731	0.297846	0.340577	0.356923	0.367308	0.516667	0.530923	0.698462	0.704846	0.930128	1.000000	
0
0.017371	0.018277	0.019235	0.021552	0.022652	0.022826	0.023836	0.023935	0.024693	0.025123	0.025675	0.026242	0.026745	0.027131	0.027524	0.028372	0.028648	0.029128	0.029128	0.029602	0.029602	0.031923	0.032572	0.032572	0.032572	0.032572	0.034445	0.034577	0.036320	0.039535	0.042132	0.043072	0.051375	0.057041	0.063442	0.064985	0.066817	0.072185	0.078277	0.090367	0.096628	0.097692	0.146954	0.230619	0.286154	0.306519	0.382308	0.455862	0.460800	0.609646	1.000000	
0
0.017877	0.017970	0.018406	0.020994	0.022027	0.022550	0.023727	0.023968	0.025697	0.026378	0.026815	0.027203	0.027636	0.027940	0.028071	0.028292	0.028798	0.028798	0.029339	0.033050	0.033050	0.034154	0.034314	0.035695	0.036114	0.036114	0.036114	0.036114	0.036749	0.039052	0.041572	0.042133	0.051349	0.056259	0.064099	0.066584	0.066745	0.071761	0.072261	0.092817	0.095139	0.134658	0.172878	0.212143	0.221014	0.352484	0.384596	0.428696	0.440000	0.879565	1.000000	
0
0.031041	0.036786	0.039178	0.041155	0.046850	0.054350	0.054350	0.054350	0.056809	0.058033	0.062323	0.062323	0.079079	0.085241	0.088562	0.089463	0.103686	0.103764	0.103764	0.103764	0.103764	0.107521	0.107630	0.107661	0.107687	0.107937	0.107937	0.109118	0.109129	0.109842	0.110277	0.110345	0.114343	0.116737	0.123187	0.130412	0.136504	0.150377	0.178094	0.181958	0.218979	0.248879	0.271064	0.278165	0.323201	0.528516	0.550284	0.657582	0.688938	0.764048	1.000000	
0
0.041103	0.041667	0.043586	0.043637	0.043637	0.046869	0.047595	0.047595	0.047595	0.047595	0.047964	0.047964	0.047964	0.047964	0.049878	0.049976	0.052200	0.052287	0.054302	0.057456	0.061411	0.062053	0.062309	0.062813	0.063292	0.065723	0.066098	0.066098	0.066815	0.071418	0.075712	0.075949	0.085555	0.089600	0.090815	0.094154	0.103042	0.116954	0.121265	0.126955	0.156326	0.158061	0.179888	0.214966	0.231763	0.302195	0.305671	0.884622	0.942601	0.942601	1.000000	
0
0.039182	0.043905	0.043975	0.056755	0.056755	0.056755	0.057309	0.063558	0.064168	0.064312	0.064462	0.064462	0.065999	0.067778	0.069958	0.079567	0.080447	0.080447	0.080447	0.080447	0.083882	0.084851	0.085026	0.085187	0.085196	0.085990	0.085990	0.089349	0.089358	0.092196	0.093622	0.096769	0.103404	0.109631	0.115330	0.116176	0.122678	0.139990	0.160838	0.173067	0.180070	0.201865	0.251018	0.323073	0.338774	0.406919	0.475472	0.579824	0.735073	0.800861	1.000000	
0
0.017507	0.017962	0.018671	0.018838	0.018880	0.018918	0.019062	0.019159	0.019159	0.020006	0.020033	0.020811	0.021201	0.022365	0.023062	0.025425	0.026568	0.028636	0.032146	0.032207	0.032228	0.034268	0.035351	0.036984	0.036984	0.037392	0.037392	0.037392	0.037392	0.039707	0.040488	0.045280	0.048821	0.056282	0.058665	0.066482	0.075528	0.087110	0.093365	0.095392	0.153394	0.177339	0.301612	0.498093	0.559262	0.755290	0.761118	0.898499	0.898499	1.000000	1.000000	
0
0.020132	0.020132	0.021380	0.021501	0.021971	0.022413	0.022545	0.023659	0.026083	0.026644	0.027025	0.027129	0.027560	0.027579	0.027811	0.028758	0.029415	0.029415	0.032441	0.032899	0.033624	0.034516	0.035499	0.035657	0.035845	0.037343	0.037343	0.040816	0.040816	0.040816	0.040816	0.041027	0.043844	0.044176	0.055135	0.059029	0.065338	0.072484	0.074850	0.080710	0.099110	0.099789	0.136276	0.205639	0.313636	0.384560	0.385027	0.442781	0.624793	0.874711	1.000000	
0
0.040196	0.040196	0.040962	0.041440	0.041777	0.041834	0.045291	0.048314	0.051446	0.051645	0.051645	0.052486	0.053831	0.054664	0.057935	0.057935	0.057935	0.057935	0.059223	0.060436	0.061233	0.062007	0.064935	0.065030	0.065832	0.065832	0.078412	0.078820	0.081227	0.091354	0.097693	0.099122	0.102032	0.107634	0.115792	0.128618	0.129934	0.164068	0.176160	0.189164	0.223339	0.235068	0.349862	0.376395	0.384451	0.395479	0.458309	0.512537	0.687587	0.993647	1.000000	
0
0.025995	0.026163	0.026163	0.026702	0.028847	0.030693	0.031542	0.031910	0.032273	0.034619	0.034874	0.035489	0.035499	0.036742	0.037279	0.037815	0.038840	0.038918	0.040234	0.040234	0.041716	0.041716	0.045520	0.045520	0.045520	0.045520	0.047503	0.047665	0.049756	0.054997	0.058245	0.059055	0.065410	0.069087	0.069284	0.078270	0.082219	0.084280	0.088414	0.090628	0.099237	0.124241	0.133668	0.179642	0.290765	0.359302	0.364482	0.384053	0.574404	0.703352	1.000000	
0
0.037567	0.037689	0.038496	0.039532	0.039532	0.040438	0.043032	0.043675	0.044162	0.046935	0.047321	0.047321	0.047321	0.047321	0.048093	0.049205	0.051385	0.053563	0.055075	0.059925	0.060320	0.060910	0.061392	0.061847	0.064574	0.064574	0.064878	0.069575	0.073145	0.073384	0.081919	0.082998	0.087357	0.087684	0.091131	0.094865	0.098639	0.103837	0.114047	0.121928	0.150956	0.158168	0.167494	0.205253	0.412581	0.419351	0.467982	0.506269	0.537911	0.557869	1.000000	
0
0.049533	0.051321	0.054110	0.054347	0.054347	0.054347	0.057551	0.066435	0.068930	0.072022	0.073707	0.080120	0.080120	0.088665	0.090237	0.099286	0.100039	0.109969	0.112263	0.112263	0.112263	0.112263	0.120621	0.123628	0.123937	0.124466	0.125536	0.126584	0.126584	0.129195	0.133585	0.133852	0.140679	0.144912	0.145017	0.152175	0.161625	0.168225	0.175540	0.201696	0.205041	0.270874	0.294491	0.349538	0.433305	0.535398	0.615581	0.642204	0.719355	0.797510	1.000000	
1
0.049533	0.051321	0.054110	0.054347	0.054347	0.054347	0.057551	0.066435	0.068930	0.072022	0.073707	0.080120	0.080120	0.088665	0.090237	0.099286	0.100039	0.109969	0.112263	0.112263	0.112263	0.112263	0.120621	0.123628	0.123937	0.124466	0.125536	0.126584	0.126584	0.129195	0.133585	0.133852	0.140679	0.144912	0.145017	0.152175	0.161625	0.168225	0.175540	0.201696	0.205041	0.270874	0.294491	0.349538	0.433305	0.535398	0.615581	0.642204	0.719355	0.797510	1.000000	
1
0.049533	0.051321	0.054110	0.054347	0.054347	0.054347	0.057551	0.066435	0.068930	0.072022	0.073707	0.080120	0.080120	0.088665	0.090237	0.099286	0.100039	0.109969	0.112263	0.112263	0.112263	0.112263	0.120621	0.123628	0.123937	0.124466	0.125536	0.126584	0.126584	0.129195	0.133585	0.133852	0.140679	0.144912	0.145017	0.152175	0.161625	0.168225	0.175540	0.201696	0.205041	0.270874	0.294491	0.349538	0.433305	0.535398	0.615581	0.642204	0.719355	0.797510	1.000000	
1
0.049533	0.051321	0.054110	0.054347	0.054347	0.054347	0.057551	0.066435	0.068930	0.072022	0.073707	0.080120	0.080120	0.088665	0.090237	0.099286	0.100039	0.109969	0.112263	0.112263	0.112263	0.112263	0.120621	0.123628	0.123937	0.124466	0.125536	0.126584	0.126584	0.129195	0.133585	0.133852	0.140679	0.144912	0.145017	0.152175	0.161625	0.168225	0.175540	0.201696	0.205041	0.270874	0.294491	0.349538	0.433305	0.535398	0.615581	0.642204	0.719355	0.797510	1.000000	
1
0.049533	0.051321	0.054110	0.054347	0.054347	0.054347	0.057551	0.066435	0.068930	0.072022	0.073707	0.080120	0.080120	0.088665	0.090237	0.099286	0.100039	0.109969	0.112263	0.112263	0.112263	0.112263	0.120621	0.123628	0.123937	0.124466	0.125536	0.126584	0.126584	0.129195	0.133585	0.133852	0.140679	0.144912	0.145017	0.152175	0.161625	0.168225	0.175540	0.201696	0.205041	0.270874	0.294491	0.349538	0.433305	0.535398	0.615581	0.642204	0.719355	0.797510	1.000000	
1
0.049533	0.051321	0.054110	0.054347	0.054347	0.054347	0.057551	0.066435	0.068930	0.072022	0.073707	0.080120	0.080120	0.088665	0.090237	0.099286	0.100039	0.109969	0.112263	0.112263	0.112263	0.112263	0.120621	0.123628	0.123937	0.124466	0.125536	0.126584	0.126584	0.129195	0.133585	0.133852	0.140679	0.144912	0.145017	0.152175	0.161625	0.168225	0.175540	0.201696	0.205041	0.270874	0.294491	0.349538	0.433305	0.535398	0.615581	0.642204	0.719355	0.797510	1.000000	
1
0.049533	0.051321	0.054110	0.054347	0.054347	0.054347	0.057551	0.066435	0.068930	0.072022	0.073707	0.080120	0.080120	0.088665	0.090237	0.099286	0.100039	0.109969	0.112263	0.112263	0.112263	0.112263	0.120621	0.123628	0.123937	0.124466	0.125536	0.126584	0.126584	0.129195	0.133585	0.133852	0.140679	0.144912	0.145017	0.152175	0.161625	0.168225	0.175540	0.201696	0.205041	0.270874	0.294491	0.349538	0.433305	0.535398	0.615581	0.642204	0.719355	0.797510	1.000000	
1
0.049533	0.051321	0.054110	0.054347	0.054347	0.054347	0.057551	0.066435	0.068930	0.072022	0.073707	0.080120	0.080120	0.088665	0.090237	0.099286	0.100039	0.109969	0.112263	0.112263	0.112263	0.112263	0.120621	0.123628	0.123937	0.124466	0.125536	0.126584	0.126584	0.129195	0.133585	0.133852	0.140679	0.144912	0.145017	0.152175	0.161625	0.168225	0.175540	0.201696	0.205041	0.270874	0.294491	0.349538	0.433305	0.535398	0.615581	0.642204	0.719355	0.797510	1.000000	
1
0.049533	0.051321	0.054110	0.054347	0.054347	0.054347	0.057551	0.066435	0.068930	0.072022	0.073707	0.080120	0.080120	0.088665	0.090237	0.099286	0.100039	0.109969	0.112263	0.112263	0.112263	0.112263	0.120621	0.123628	0.123937	0.124466	0.125536	0.126584	0.126584	0.129195	0.133585	0.133852	0.140679	0.144912	0.145017	0.152175	0.161625	0.168225	0.175540	0.201696	0.205041	0.270874	0.294491	0.349538	0.433305	0.535398	0.615581	0.642204	0.719355	0.797510	1.000000	
1
0.049533	0.051321	0.054110	0.054347	0.054347	0.054347	0.057551	0.066435	0.068930	0.072022	0.073707	0.080120	0.080120	0.088665	0.090237	0.099286	0.100039	0.109969	0.112263	0.112263	0.112263	0.112263	0.120621	0.123628	0.123937	0.124466	0.125536	0.126584	0.126584	0.129195	0.133585	0.133852	0.140679	0.144912	0.145017	0.152175	0.161625	0.168225	0.175540	0.201696	0.205041	0.270874	0.294491	0.349538	0.433305	0.535398	0.615581	0.642204	0.719355	0.797510	1.000000	
1
0.049533	0.051321	0.054110	0.054347	0.054347	0.054347	0.057551	0.066435	0.068930	0.072022	0.073707	0.080120	0.080120	0.088665	0.090237	0.099286	0.100039	0.109969	0.112263	0.112263	0.112263	0.112263	0.120621	0.123628	0.123937	0.124466	0.125536	0.126584	0.126584	0.129195	0.133585	0.133852	0.140679	0.144912	0.145017	0.152175	0.161625	0.168225	0.175540	0.201696	0.205041	0.270874	0.294491	0.349538	0.433305	0.535398	0.615581	0.642204	0.719355	0.797510	1.000000	
1
0.049533	0.051321	0.054110	0.054347	0.054347	0.054347	0.057551	0.066435	0.068930	0.072022	0.073707	0.080120	0.080120	0.088665	0.090237	0.099286	0.100039	0.109969	0.112263	0.112263	0.112263	0.112263	0.120621	0.123628	0.123937	0.124466	0.125536	0.126584	0.126584	0.129195	0.133585	0.133852	0.140679	0.144912	0.145017	0.152175	0.161625	0.168225	0.175540	0.201696	0.205041	0.270874	0.294491	0.349538	0.433305	0.535398	0.615581	0.642204	0.719355	0.797510	1.000000	
1
0.049533	0.051321	0.054110	0.054347	0.054347	0.054347	0.057551	0.066435	0.068930	0.072022	0.073707	0.080120	0.080120	0.088665	0.090237	0.099286	0.100039	0.109969	0.112263	0.112263	0.112263	0.112263	0.120621	0.123628	0.123937	0.124466	0.125536	0.126584	0.126584	0.129195	0.133585	0.133852	0.140679	0.144912	0.145017	0.152175	0.161625	0.168225	0.175540	0.201696	0.205041	0.270874	0.294491	0.349538	0.433305	0.535398	0.615581	0.642204	0.719355	0.797510	1.000000	
1
0.049533	0.051321	0.054110	0.054347	0.054347	0.054347	0.057551	0.066435	0.068930	0.072022	0.073707	0.080120	0.080120	0.088665	0.090237	0.099286	0.100039	0.109969	0.112263	0.112263	0.112263	0.112263	0.120621	0.123628	0.123937	0.124466	0.125536	0.126584	0.126584	0.129195	0.133585	0.133852	0.140679	0.144912	0.145017	0.152175	0.161625	0.168225	0.175540	0.201696	0.205041	0.270874	0.294491	0.349538	0.433305	0.535398	0.615581	0.642204	0.719355	0.797510	1.000000	
1
0.049533	0.051321	0.054110	0.054347	0.054347	0.054347	0.057551	0.066435	0.068930	0.072022	0.073707	0.080120	0.080120	0.088665	0.090237	0.099286	0.100039	0.109969	0.112263	0.112263	0.112263	0.112263	0.120621	0.123628	0.123937	0.124466	0.125536	0.126584	0.126584	0.129195	0.133585	0.133852	0.140679	0.144912	0.145017	0.152175	0.161625	0.168225	0.175540	0.201696	0.205041	0.270874	0.294491	0.349538	0.433305	0.535398	0.615581	0.642204	0.719355	0.797510	1.000000	
1
0.049533	0.051321	0.054110	0.054347	0.054347	0.054347	0.057551	0.066435	0.068930	0.072022	0.073707	0.080120	0.080120	0.088665	0.090237	0.099286	0.100039	0.109969	0.112263	0.112263	0.112263	0.112263	0.120621	0.123628	0.123937	0.124466	0.125536	0.126584	0.126584	0.129195	0.133585	0.133852	0.140679	0.144912	0.145017	0.152175	0.161625	0.168225	0.175540	0.201696	0.205041	0.270874	0.294491	0.349538	0.433305	0.535398	0.615581	0.642204	0.719355	0.797510	1.000000	
1
0.049533	0.051321	0.054110	0.054347	0.054347	0.054347	0.057551	0.066435	0.068930	0.072022	0.073707	0.080120	0.080120	0.088665	0.090237	0.099286	0.100039	0.109969	0.112263	0.112263	0.112263	0.112263	0.120621	0.123628	0.123937	0.124466	0.125536	0.126584	0.126584	0.129195	0.133585	0.133852	0.140679	0.144912	0.145017	0.152175	0.161625	0.168225	0.175540	0.201696	0.205041	0.270874	0.294491	0.349538	0.433305	0.535398	0.615581	0.642204	0.719355	0.797510	1.000000	
1
0.049533	0.051321	0.054110	0.054347	0.054347	0.054347	0.057551	0.066435	0.068930	0.072022	0.073707	0.080120	0.080120	0.088665	0.090237	0.099286	0.100039	0.109969	0.112263	0.112263	0.112263	0.112263	0.120621	0.123628	0.123937	0.124466	0.125536	0.126584	0.126584	0.129195	0.133585	0.133852	0.140679	0.144912	0.145017	0.152175	0.161625	0.168225	0.175540	0.201696	0.205041	0.270874	0.294491	0.349538	0.433305	0.535398	0.615581	0.642204	0.719355	0.797510	1.000000	
1
0.049533	0.051321	0.054110	0.054347	0.054347	0.054347	0.057551	0.066435	0.068930	0.072022	0.073707	0.080120	0.080120	0.088665	0.090237	0.099286	0.100039	0.109969	0.112263	0.112263	0.112263	0.112263	0.120621	0.123628	0.123937	0.124466	0.125536	0.126584	0.126584	0.129195	0.133585	0.133852	0.140679	0.144912	0.145017	0.152175	0.161625	0.168225	0.175540	0.201696	0.205041	0.270874	0.294491	0.349538	0.433305	0.535398	0.615581	0.642204	0.719355	0.797510	1.000000	
1
0.049533	0.051321	0.054110	0.054347	0.054347	0.054347	0.057551	0.066435	0.068930	0.072022	0.073707	0.080120	0.080120	0.088665	0.090237	0.099286	0.100039	0.109969	0.112263	0.112263	0.112263	0.112263	0.120621	0.123628	0.123937	0.124466	0.125536	0.126584	0.126584	0.129195	0.133585	0.133852	0.140679	0.144912	0.145017	0.152175	0.161625	0.168225	0.175540	0.201696	0.205041	0.270874	0.294491	0.349538	0.433305	0.535398	0.615581	0.642204	0.719355	0.797510	1.000000	
1
0.049533	0.051321	0.054110	0.054347	0.054347	0.054347	0.057551	0.066435	0.068930	0.072022	0.073707	0.080120	0.080120	0.088665	0.090237	0.099286	0.100039	0.109969	0.112263	0.112263	0.112263	0.112263	0.120621	0.123628	0.123937	0.124466	0.125536	0.126584	0.126584	0.129195	0.133585	0.133852	0.140679	0.144912	0.145017	0.152175	0.161625	0.168225	0.175540	0.201696	0.205041	0.270874	0.294491	0.349538	0.433305	0.535398	0.615581	0.642204	0.719355	0.797510	1.000000	
1
0.049533	0.051321	0.054110	0.054347	0.054347	0.054347	0.057551	0.066435	0.068930	0.072022	0.073707	0.080120	0.080120	0.088665	0.090237	0.099286	0.100039	0.109969	0.112263	0.112263	0.112263	0.112263	0.120621	0.123628	0.123937	0.124466	0.125536	0.126584	0.126584	0.129195	0.133585	0.133852	0.140679	0.144912	0.145017	0.152175	0.161625	0.168225	0.175540	0.201696	0.205041	0.270874	0.294491	0.349538	0.433305	0.535398	0.615581	0.642204	0.719355	0.797510	1.000000	
1
0.049533	0.051321	0.054110	0.054347	0.054347	0.054347	0.057551	0.066435	0.068930	0.072022	0.073707	0.080120	0.080120	0.088665	0.090237	0.099286	0.100039	0.109969	0.112263	0.112263	0.112263	0.112263	0.120621	0.123628	0.123937	0.124466	0.125536	0.126584	0.126584	0.129195	0.133585	0.133852	0.140679	0.144912	0.145017	0.152175	0.161625	0.168225	0.175540	0.201696	0.205041	0.270874	0.294491	0.349538	0.433305	0.535398	0.615581	0.642204	0.719355	0.797510	1.000000	
1
0.049533	0.051321	0.054110	0.054347	0.054347	0.054347	0.057551	0.066435	0.068930	0.072022	0.073707	0.080120	0.080120	0.088665	0.090237	0.099286	0.100039	0.109969	0.112263	0.112263	0.112263	0.112263	0.120621	0.123628	0.123937	0.124466	0.125536	0.126584	0.126584	0.129195	0.133585	0.133852	0.140679	0.144912	0.145017	0.152175	0.161625	0.168225	0.175540	0.201696	0.205041	0.270874	0.294491	0.349538	0.433305	0.535398	0.615581	0.642204	0.719355	0.797510	1.000000	
1
0.049533	0.051321	0.054110	0.054347	0.054347	0.054347	0.057551	0.066435	0.068930	0.072022	0.073707	0.080120	0.080120	0.088665	0.090237	0.099286	0.100039	0.109969	0.112263	0.112263	0.112263	0.112263	0.120621	0.123628	0.123937	0.124466	0.125536	0.126584	0.126584	0.129195	0.133585	0.133852	0.140679	0.144912	0.145017	0.152175	0.161625	0.168225	0.175540	0.201696	0.205041	0.270874	0.294491	0.349538	0.433305	0.535398	0.615581	0.642204	0.719355	0.797510	1.000000	
1
0.049533	0.051321	0.054110	0.054347	0.054347	0.054347	0.057551	0.066435	0.068930	0.072022	0.073707	0.080120	0.080120	0.088665	0.090237	0.099286	0.100039	0.109969	0.112263	0.112263	0.112263	0.112263	0.120621	0.123628	0.123937	0.124466	0.125536	0.126584	0.126584	0.129195	0.133585	0.133852	0.140679	0.144912	0.145017	0.152175	0.161625	0.168225	0.175540	0.201696	0.205041	0.270874	0.294491	0.349538	0.433305	0.535398	0.615581	0.642204	0.719355	0.797510	1.000000	
1
